48 A

0 60 120 60 366 420 120 60 726 420 480 420 366 420 120 60 341 442 341 240 240 341 240 240 728 422 482 422 2 62 122 62 368 422 122 62 368 422 122 62 343 444 343 242 242 343 242 242 
306 0 60 360 306 360 60 0 666 360 420 461 666 461 420 360 540 641 641 540 180 281 281 180 668 362 422 463 308 2 62 362 308 362 62 2 668 463 422 362 542 643 643 542 182 283 283 182 
612 306 0 306 612 431 366 306 737 431 491 431 612 431 366 306 587 611 587 486 251 352 251 150 739 433 493 433 614 308 2 308 614 433 368 308 614 433 368 308 589 613 589 488 253 354 253 152 
306 360 60 0 431 491 420 360 666 491 420 360 306 360 60 0 281 382 281 180 311 281 180 210 668 493 422 362 308 362 62 2 433 493 422 362 308 362 62 2 283 384 283 182 313 283 182 212 
366 60 120 420 0 60 120 60 366 60 120 420 726 420 480 420 240 341 442 341 240 240 341 240 368 62 122 422 368 62 122 422 2 62 122 62 728 422 482 422 242 343 444 343 242 242 343 242 
431 360 420 491 306 0 60 360 306 0 60 360 666 360 420 491 180 281 382 281 210 180 281 311 308 2 62 362 433 362 422 493 308 2 62 362 668 362 422 493 182 283 384 283 212 182 283 313 
612 306 366 431 612 306 0 306 612 306 366 431 737 431 491 431 486 587 611 587 150 251 352 251 614 308 368 433 614 308 368 433 614 308 2 308 739 433 493 433 488 589 613 589 152 253 354 253 
306 0 60 360 306 360 60 0 666 360 420 461 666 461 420 360 540 641 641 540 180 281 281 180 668 362 422 463 308 2 62 362 308 362 62 2 668 463 422 362 542 643 643 542 182 283 283 182 
491 420 480 420 366 60 120 420 0 60 120 60 366 60 120 420 240 150 240 341 270 240 341 371 2 62 122 62 493 422 482 422 368 62 122 422 368 62 122 422 242 152 242 343 272 242 343 373 
431 360 420 491 306 0 60 360 306 0 60 360 666 360 420 491 180 281 382 281 210 180 281 311 308 2 62 362 433 362 422 493 308 2 62 362 668 362 422 493 182 283 384 283 212 182 283 313 
737 666 726 666 612 306 366 666 612 306 0 306 612 306 366 666 486 486 486 587 516 486 587 617 614 308 2 308 739 668 728 668 614 308 368 668 614 308 368 668 488 488 488 589 518 488 589 619 
431 461 420 360 431 360 420 461 306 360 60 0 306 0 60 360 281 180 180 281 570 540 540 570 308 362 62 2 433 463 422 362 433 362 422 463 308 2 62 362 283 182 182 283 572 542 542 572 
366 420 120 60 491 420 480 420 366 420 120 60 0 60 120 60 341 240 150 240 371 341 240 270 368 422 122 62 368 422 122 62 493 422 482 422 2 62 122 62 343 242 152 242 373 343 242 272 
431 461 420 360 431 360 420 461 306 360 60 0 306 0 60 360 281 180 180 281 570 540 540 570 308 362 62 2 433 463 422 362 433 362 422 463 308 2 62 362 283 182 182 283 572 542 542 572 
612 666 366 306 737 666 726 666 612 666 366 306 612 306 0 306 587 486 486 486 617 587 486 516 614 668 368 308 614 668 368 308 739 668 728 668 614 308 2 308 589 488 488 488 619 589 488 518 
306 360 60 0 431 491 420 360 666 491 420 360 306 360 60 0 281 382 281 180 311 281 180 210 668 493 422 362 308 362 62 2 433 493 422 362 308 362 62 2 283 384 283 182 313 283 182 212 
251 180 240 311 150 210 240 180 516 210 270 570 617 570 371 311 0 101 202 101 360 390 461 360 518 212 272 572 253 182 242 313 152 212 242 182 619 572 373 313 2 103 204 103 362 392 463 362 
352 281 341 281 251 180 240 281 486 180 240 540 587 540 341 281 101 0 101 202 390 360 461 461 488 182 242 542 354 283 343 283 253 182 242 283 589 542 343 283 103 2 103 204 392 362 463 463 
251 281 240 180 352 281 341 281 587 281 341 540 486 540 240 180 202 101 0 101 461 461 360 390 589 283 343 542 253 283 242 182 354 283 343 283 488 542 242 182 204 103 2 103 463 463 362 392 
150 180 240 210 251 311 240 180 617 311 371 570 516 570 270 210 101 202 101 0 360 461 390 360 619 313 373 572 152 182 242 212 253 313 242 182 518 572 272 212 103 204 103 2 362 463 392 362 
587 540 341 281 486 180 240 540 486 180 240 281 587 281 341 281 360 461 461 461 0 101 202 101 488 182 242 283 589 542 343 283 488 182 242 542 589 283 343 283 362 463 463 463 2 103 204 103 
611 641 442 382 587 281 341 641 486 281 150 180 486 180 240 382 461 360 360 461 101 0 101 202 488 283 152 182 613 643 444 384 589 283 343 643 488 182 242 384 463 362 362 463 103 2 103 204 
587 641 341 281 611 382 442 641 486 382 240 180 486 180 150 281 461 360 360 461 202 101 0 101 488 384 242 182 589 643 343 283 613 384 444 643 488 182 152 283 463 362 362 463 204 103 2 103 
486 540 240 180 587 281 341 540 587 281 341 281 486 281 240 180 461 461 461 360 101 202 101 0 589 283 343 283 488 542 242 182 589 283 343 542 488 283 242 182 463 463 463 362 103 204 103 2 
493 422 482 422 368 62 122 422 2 62 122 62 368 62 122 422 242 152 242 343 272 242 343 373 0 60 120 60 495 424 484 424 370 64 124 424 370 64 124 424 244 154 244 345 274 244 345 375 
433 362 422 493 308 2 62 362 308 2 62 362 668 362 422 493 182 283 384 283 212 182 283 313 306 0 60 364 435 364 424 495 310 4 64 364 670 364 424 495 184 285 386 285 214 184 285 315 
739 668 728 668 614 308 368 668 614 308 2 308 614 308 368 668 488 488 488 589 518 488 589 619 612 306 0 306 741 670 730 670 616 310 370 670 616 310 370 670 490 490 490 591 520 490 591 621 
433 463 422 362 433 362 422 463 308 362 62 2 308 2 62 362 283 182 182 283 572 542 542 572 306 364 60 0 435 465 424 364 435 364 424 465 310 4 64 364 285 184 184 285 574 544 544 574 
2 62 122 62 368 422 122 62 728 422 482 422 368 422 122 62 343 444 343 242 242 343 242 242 730 424 484 424 0 60 120 60 370 424 124 64 370 424 124 64 345 446 345 244 244 345 244 244 
308 2 62 362 308 362 62 2 668 362 422 463 668 463 422 362 542 643 643 542 182 283 283 182 670 364 424 465 306 0 60 364 310 364 64 4 670 465 424 364 544 645 645 544 184 285 285 184 
614 308 2 308 614 433 368 308 739 433 493 433 614 433 368 308 589 613 589 488 253 354 253 152 741 435 495 435 612 306 0 306 616 435 370 310 616 435 370 310 591 615 591 490 255 356 255 154 
308 362 62 2 433 493 422 362 668 493 422 362 308 362 62 2 283 384 283 182 313 283 182 212 670 495 424 364 306 364 60 0 435 495 424 364 310 364 64 4 285 386 285 184 315 285 184 214 
368 62 122 422 2 62 122 62 368 62 122 422 728 422 482 422 242 343 444 343 242 242 343 242 370 64 124 424 370 64 124 424 0 60 120 60 730 424 484 424 244 345 446 345 244 244 345 244 
433 362 422 493 308 2 62 362 308 2 62 362 668 362 422 493 182 283 384 283 212 182 283 313 310 4 64 364 435 364 424 495 306 0 60 364 670 364 424 495 184 285 386 285 214 184 285 315 
614 308 368 433 614 308 2 308 614 308 368 433 739 433 493 433 488 589 613 589 152 253 354 253 616 310 370 435 616 310 370 435 612 306 0 306 741 435 495 435 490 591 615 591 154 255 356 255 
308 2 62 362 308 362 62 2 668 362 422 463 668 463 422 362 542 643 643 542 182 283 283 182 670 364 424 465 310 4 64 364 306 364 60 0 670 465 424 364 544 645 645 544 184 285 285 184 
368 422 122 62 493 422 482 422 368 422 122 62 2 62 122 62 343 242 152 242 373 343 242 272 370 424 124 64 370 424 124 64 495 424 484 424 0 60 120 60 345 244 154 244 375 345 244 274 
433 463 422 362 433 362 422 463 308 362 62 2 308 2 62 362 283 182 182 283 572 542 542 572 310 364 64 4 435 465 424 364 435 364 424 465 306 0 60 364 285 184 184 285 574 544 544 574 
614 668 368 308 739 668 728 668 614 668 368 308 614 308 2 308 589 488 488 488 619 589 488 518 616 670 370 310 616 670 370 310 741 670 730 670 612 306 0 306 591 490 490 490 621 591 490 520 
308 362 62 2 433 493 422 362 668 493 422 362 308 362 62 2 283 384 283 182 313 283 182 212 670 495 424 364 310 364 64 4 435 495 424 364 306 364 60 0 285 386 285 184 315 285 184 214 
253 182 242 313 152 212 242 182 518 212 272 572 619 572 373 313 2 103 204 103 362 392 463 362 520 214 274 574 255 184 244 315 154 214 244 184 621 574 375 315 0 101 202 101 364 394 465 364 
354 283 343 283 253 182 242 283 488 182 242 542 589 542 343 283 103 2 103 204 392 362 463 463 490 184 244 544 356 285 345 285 255 184 244 285 591 544 345 285 101 0 101 202 394 364 465 465 
253 283 242 182 354 283 343 283 589 283 343 542 488 542 242 182 204 103 2 103 463 463 362 392 591 285 345 544 255 285 244 184 356 285 345 285 490 544 244 184 202 101 0 101 465 465 364 394 
152 182 242 212 253 313 242 182 619 313 373 572 518 572 272 212 103 204 103 2 362 463 392 362 621 315 375 574 154 184 244 214 255 315 244 184 520 574 274 214 101 202 101 0 364 465 394 364 
589 542 343 283 488 182 242 542 488 182 242 283 589 283 343 283 362 463 463 463 2 103 204 103 490 184 244 285 591 544 345 285 490 184 244 544 591 285 345 285 364 465 465 465 0 101 202 101 
613 643 444 384 589 283 343 643 488 283 152 182 488 182 242 384 463 362 362 463 103 2 103 204 490 285 154 184 615 645 446 386 591 285 345 645 490 184 244 386 465 364 364 465 101 0 101 202 
589 643 343 283 613 384 444 643 488 384 242 182 488 182 152 283 463 362 362 463 204 103 2 103 490 386 244 184 591 645 345 285 615 386 446 645 490 184 154 285 465 364 364 465 202 101 0 101 
488 542 242 182 589 283 343 542 589 283 343 283 488 283 242 182 463 463 463 362 103 204 103 2 591 285 345 285 490 544 244 184 591 285 345 544 490 285 244 184 465 465 465 364 101 202 101 0 
