32 A

0 60 120 60 366 60 120 426 368 62 122 428 368 428 122 62 370 430 124 64 370 430 124 64 368 428 122 62 2 62 122 62 
306 0 60 366 306 0 60 366 308 2 62 368 308 368 62 2 310 370 64 4 310 370 64 4 308 368 62 2 308 2 62 368 
612 306 0 306 612 306 366 672 614 308 368 674 614 674 368 308 616 676 370 310 616 676 370 310 614 674 368 308 614 308 2 308 
306 366 60 0 672 366 426 732 674 368 428 734 674 734 428 368 676 736 430 370 676 736 430 370 674 734 428 368 308 368 62 2 
366 60 120 426 0 60 120 60 2 62 122 62 368 428 122 62 370 430 124 64 370 430 124 64 368 428 122 62 368 62 122 428 
306 0 60 366 306 0 60 366 308 2 62 368 308 368 62 2 310 370 64 4 310 370 64 4 308 368 62 2 308 2 62 368 
612 306 366 672 612 306 0 306 614 308 2 308 614 674 368 308 616 676 370 310 616 676 370 310 614 674 368 308 614 308 368 674 
672 366 426 732 306 366 60 0 308 368 62 2 674 734 428 368 676 736 430 370 676 736 430 370 674 734 428 368 674 368 428 734 
368 62 122 428 2 62 122 62 0 60 120 60 366 426 120 60 368 428 122 62 368 428 122 62 370 430 124 64 370 64 124 430 
308 2 62 368 308 2 62 368 306 0 60 366 306 366 60 0 308 368 62 2 308 368 62 2 310 370 64 4 310 4 64 370 
614 308 368 674 614 308 2 308 612 306 0 306 612 672 366 306 614 674 368 308 614 674 368 308 616 676 370 310 616 310 370 676 
674 368 428 734 308 368 62 2 306 366 60 0 672 732 426 366 674 734 428 368 674 734 428 368 676 736 430 370 676 370 430 736 
368 62 122 428 368 62 122 428 366 60 120 426 0 60 120 60 368 428 122 62 2 62 122 62 370 430 124 64 370 64 124 430 
674 368 428 734 674 368 428 734 672 366 426 732 306 0 60 366 674 734 428 368 308 2 62 368 676 736 430 370 676 370 430 736 
614 308 368 674 614 308 368 674 612 306 366 672 612 306 0 306 614 674 368 308 614 308 2 308 616 676 370 310 616 310 370 676 
308 2 62 368 308 2 62 368 306 0 60 366 306 366 60 0 308 368 62 2 308 368 62 2 310 370 64 4 310 4 64 370 
370 64 124 430 370 64 124 430 368 62 122 428 368 428 122 62 0 60 120 60 366 426 120 60 2 62 122 62 368 62 122 428 
676 370 430 736 676 370 430 736 674 368 428 734 674 734 428 368 306 0 60 366 672 732 426 366 308 2 62 368 674 368 428 734 
616 310 370 676 616 310 370 676 614 308 368 674 614 674 368 308 612 306 0 306 612 672 366 306 614 308 2 308 614 308 368 674 
310 4 64 370 310 4 64 370 308 2 62 368 308 368 62 2 306 366 60 0 306 366 60 0 308 368 62 2 308 2 62 368 
370 64 124 430 370 64 124 430 368 62 122 428 2 62 122 62 366 426 120 60 0 60 120 60 368 428 122 62 368 62 122 428 
676 370 430 736 676 370 430 736 674 368 428 734 308 2 62 368 672 732 426 366 306 0 60 366 674 734 428 368 674 368 428 734 
616 310 370 676 616 310 370 676 614 308 368 674 614 308 2 308 612 672 366 306 612 306 0 306 614 674 368 308 614 308 368 674 
310 4 64 370 310 4 64 370 308 2 62 368 308 368 62 2 306 366 60 0 306 366 60 0 308 368 62 2 308 2 62 368 
368 62 122 428 368 62 122 428 370 64 124 430 370 430 124 64 2 62 122 62 368 428 122 62 0 60 120 60 366 60 120 426 
674 368 428 734 674 368 428 734 676 370 430 736 676 736 430 370 308 2 62 368 674 734 428 368 306 0 60 366 672 366 426 732 
614 308 368 674 614 308 368 674 616 310 370 676 616 676 370 310 614 308 2 308 614 674 368 308 612 306 0 306 612 306 366 672 
308 2 62 368 308 2 62 368 310 4 64 370 310 370 64 4 308 368 62 2 308 368 62 2 306 366 60 0 306 0 60 366 
2 62 122 62 368 62 122 428 370 64 124 430 370 430 124 64 368 428 122 62 368 428 122 62 366 426 120 60 0 60 120 60 
308 2 62 368 308 2 62 368 310 4 64 370 310 370 64 4 308 368 62 2 308 368 62 2 306 366 60 0 306 0 60 366 
614 308 2 308 614 308 368 674 616 310 370 676 616 676 370 310 614 674 368 308 614 674 368 308 612 672 366 306 612 306 0 306 
308 368 62 2 674 368 428 734 676 370 430 736 676 736 430 370 674 734 428 368 674 734 428 368 672 732 426 366 306 366 60 0 
