72 A
0 60 120 60 366 60 120 426 240 341 442 341 368 62 122 428 368 428 122 62 606 707 707 606 370 430 124 64 370 430 124 64 345 446 345 244 368 428 122 62 2 62 122 62 728 422 482 624 242 343 444 343 730 424 484 626 730 630 484 424 604 705 705 604 732 628 486 426 347 448 347 246 
306 0 60 366 306 0 60 366 180 281 382 281 308 2 62 368 308 368 62 2 546 647 647 546 310 370 64 4 310 370 64 4 285 386 285 184 308 368 62 2 308 2 62 368 668 362 422 564 182 283 384 283 670 364 424 566 670 570 424 364 544 645 645 544 672 568 426 366 287 388 287 186 
612 306 0 306 612 306 366 672 486 587 688 587 614 308 368 674 614 674 368 308 852 953 953 852 616 676 370 310 616 676 370 310 591 692 591 490 614 674 368 308 614 308 2 308 974 668 728 870 488 589 690 589 976 670 730 872 976 876 730 670 850 951 951 850 978 874 732 672 593 694 593 492 
306 366 60 0 672 366 426 732 546 647 748 647 674 368 428 734 674 734 428 368 912 1013 1013 912 676 736 430 370 676 736 430 370 651 752 651 550 674 734 428 368 308 368 62 2 1034 728 788 930 548 649 750 649 1036 730 790 932 1036 936 790 730 910 1011 1011 910 1038 934 792 732 653 754 653 552 
366 60 120 426 0 60 120 60 240 150 240 341 2 62 122 62 368 428 122 62 557 658 557 456 370 430 124 64 370 430 124 64 345 446 345 244 368 428 122 62 368 62 122 428 728 422 302 422 242 152 242 343 730 424 304 424 730 630 484 424 555 656 555 454 732 628 486 426 347 448 347 246 
306 0 60 366 306 0 60 366 180 281 382 281 308 2 62 368 308 368 62 2 546 647 647 546 310 370 64 4 310 370 64 4 285 386 285 184 308 368 62 2 308 2 62 368 668 362 422 564 182 283 384 283 670 364 424 566 670 570 424 364 544 645 645 544 672 568 426 366 287 388 287 186 
612 306 366 672 612 306 0 306 486 587 486 587 614 308 2 308 614 674 368 308 852 953 852 852 616 676 370 310 616 676 370 310 591 692 591 490 614 674 368 308 614 308 368 674 974 668 728 668 488 589 488 589 976 670 730 670 976 876 730 670 850 951 850 850 978 874 732 672 593 694 593 492 
532 366 426 461 306 366 60 0 382 281 180 281 308 368 62 2 674 734 428 368 677 647 546 576 676 736 430 370 676 736 430 370 651 752 651 550 674 734 428 368 534 368 428 463 668 564 422 362 384 283 182 283 670 566 424 364 872 932 626 566 675 645 544 574 874 934 628 568 653 754 653 552 
150 210 270 210 516 210 270 576 0 101 202 101 516 212 272 576 516 576 272 212 366 467 467 366 520 580 274 214 518 578 274 214 495 596 495 394 518 578 272 212 152 212 272 212 488 182 242 384 2 103 204 103 490 184 244 386 490 550 244 184 364 465 465 364 492 552 246 186 497 598 497 396 
251 180 240 311 458 180 240 518 101 0 101 202 456 182 242 516 488 548 242 182 407 508 407 306 490 550 244 184 490 550 244 184 465 566 465 364 488 548 242 182 253 182 242 313 589 283 152 283 103 2 103 204 591 285 154 285 591 651 345 285 405 506 405 304 593 653 347 287 467 568 467 366 
352 281 341 281 548 281 341 548 202 101 0 101 546 283 343 546 589 647 343 283 497 467 366 396 591 651 345 285 591 649 345 285 566 667 566 465 589 649 343 283 354 283 343 283 488 384 242 182 204 103 2 103 490 386 244 184 692 752 446 386 495 465 364 394 694 754 448 388 568 669 568 467 
251 311 240 180 617 311 371 649 101 202 101 0 617 313 373 647 617 677 373 313 467 568 467 467 621 681 375 315 619 679 375 315 596 697 596 495 619 679 373 313 253 313 242 182 589 283 343 283 103 204 103 2 591 285 345 285 591 651 345 285 465 566 465 465 593 653 347 287 598 699 598 497 
368 62 122 428 2 62 122 62 242 152 242 343 0 60 120 60 366 426 120 60 559 660 559 458 368 428 122 62 368 428 122 62 343 444 343 242 370 430 124 64 370 64 124 430 730 424 304 424 244 154 244 345 732 426 306 426 732 628 486 426 557 658 557 456 730 626 484 424 345 446 345 244 
308 2 62 368 308 2 62 368 182 283 384 283 306 0 60 366 306 366 60 0 548 649 649 548 308 368 62 2 308 368 62 2 283 384 283 182 310 370 64 4 310 4 64 370 670 364 424 566 184 285 386 285 672 366 426 568 672 568 426 366 546 647 647 546 670 566 424 364 285 386 285 184 
614 308 368 674 614 308 2 308 488 589 488 589 612 306 0 306 612 672 366 306 854 955 854 854 614 674 368 308 614 674 368 308 589 690 589 488 616 676 370 310 616 310 370 676 976 670 730 670 490 591 490 591 978 672 732 672 978 874 732 672 852 953 852 852 976 872 730 670 591 692 591 490 
534 368 428 463 308 368 62 2 384 283 182 283 306 366 60 0 672 732 426 366 679 649 548 578 674 734 428 368 674 734 428 368 649 750 649 548 676 736 430 370 536 370 430 465 670 566 424 364 386 285 184 285 672 568 426 366 874 934 628 568 677 647 546 576 876 932 630 570 651 752 651 550 
368 62 122 428 368 62 122 428 242 343 444 343 366 60 120 426 0 60 120 60 458 559 660 559 368 428 122 62 2 62 122 62 343 242 152 242 370 430 124 64 370 64 124 430 730 424 484 626 244 345 446 345 732 426 486 628 732 426 306 426 456 557 658 557 730 424 304 424 345 244 154 244 
674 368 428 734 674 368 428 734 548 649 750 649 672 366 426 732 306 0 60 366 578 548 649 679 534 463 428 368 308 2 62 368 283 182 283 384 536 465 430 370 676 370 430 736 876 570 630 932 550 651 752 651 874 568 628 934 672 366 426 568 576 546 647 677 670 364 424 566 285 184 285 386 
614 308 368 674 614 308 368 674 488 589 690 589 612 306 366 672 612 306 0 306 854 854 955 854 614 674 368 308 614 308 2 308 589 488 589 488 616 676 370 310 616 310 370 676 976 670 730 872 490 591 692 591 978 672 732 874 978 672 732 672 852 852 953 852 976 670 730 670 591 490 591 490 
308 2 62 368 308 2 62 368 182 283 384 283 306 0 60 366 306 366 60 0 548 649 649 548 308 368 62 2 308 368 62 2 283 384 283 182 310 370 64 4 310 4 64 370 670 364 424 566 184 285 386 285 672 366 426 568 672 568 426 366 546 647 647 546 670 566 424 364 285 386 285 184 
488 182 242 548 253 182 242 313 362 403 493 463 251 180 240 311 150 210 240 180 0 101 202 101 488 548 242 182 152 212 242 182 463 392 302 362 490 550 244 184 490 184 244 550 850 544 555 675 364 405 495 465 852 546 557 677 852 576 456 546 2 103 204 103 850 574 454 544 465 394 304 364 
589 283 343 649 354 283 343 283 463 504 463 564 352 281 341 281 251 180 240 281 101 0 101 202 589 643 343 283 253 182 242 283 463 362 403 463 591 645 345 285 591 285 345 651 951 645 656 645 465 506 465 566 953 647 658 647 852 546 557 647 103 2 103 204 850 544 555 645 465 364 405 465 
589 283 343 643 253 283 242 182 463 403 362 463 251 281 240 180 352 281 341 281 202 101 0 101 589 649 343 283 354 283 343 283 564 463 504 463 591 651 345 285 591 285 345 645 850 645 555 544 465 405 364 465 852 647 557 546 953 647 658 647 204 103 2 103 951 645 656 645 566 465 506 465 
488 182 242 548 152 182 242 212 362 302 392 463 150 180 240 210 251 311 240 180 101 202 101 0 488 548 242 182 253 313 242 182 463 493 403 362 490 550 244 184 490 184 244 550 850 544 454 574 364 304 394 465 852 546 456 576 852 677 557 546 103 204 103 2 850 675 555 544 465 495 405 364 
370 64 124 430 370 64 124 430 244 345 446 345 368 62 122 428 368 428 122 62 606 707 707 606 0 60 120 60 366 426 120 60 341 442 341 240 2 62 122 62 368 62 122 428 732 426 486 628 246 347 448 347 730 424 484 630 730 626 484 424 604 705 705 604 728 624 482 422 343 444 343 242 
676 370 430 736 676 370 430 736 550 651 752 651 674 368 428 734 674 734 428 368 912 1013 1013 912 306 0 60 366 672 732 426 366 647 748 647 546 308 2 62 368 674 368 428 734 1038 732 792 934 552 653 754 653 1036 730 790 936 1036 932 790 730 910 1011 1011 910 1034 930 788 728 649 750 649 548 
616 310 370 676 616 310 370 676 490 591 692 591 614 308 368 674 614 674 368 308 852 953 953 852 612 306 0 306 612 672 366 306 587 688 587 486 614 308 2 308 614 308 368 674 978 672 732 874 492 593 694 593 976 670 730 876 976 872 730 670 850 951 951 850 974 870 728 668 589 690 589 488 
310 4 64 370 310 4 64 370 184 285 386 285 308 2 62 368 308 368 62 2 546 647 647 546 306 366 60 0 306 366 60 0 281 382 281 180 308 368 62 2 308 2 62 368 672 366 426 568 186 287 388 287 670 364 424 570 670 566 424 364 544 645 645 544 668 564 422 362 283 384 283 182 
370 64 124 430 370 64 124 430 244 345 446 345 368 62 122 428 2 62 122 62 456 557 658 557 366 426 120 60 0 60 120 60 341 240 150 240 368 428 122 62 368 62 122 428 732 426 486 628 246 347 448 347 730 424 484 630 730 424 304 424 454 555 656 555 728 422 302 422 343 242 152 242 
676 370 430 736 676 370 430 736 550 651 752 651 674 368 428 734 308 2 62 368 576 546 647 677 532 461 426 366 306 0 60 366 281 180 281 382 534 463 428 368 674 368 428 734 874 568 628 934 552 653 754 653 872 566 626 932 670 364 424 566 574 544 645 675 668 362 422 564 283 182 283 384 
616 310 370 676 616 310 370 676 490 591 692 591 614 308 368 674 614 308 2 308 852 852 953 852 612 672 366 306 612 306 0 306 587 486 587 486 614 674 368 308 614 308 368 674 978 672 732 874 492 593 694 593 976 670 730 876 976 670 730 670 850 850 951 850 974 668 728 668 589 488 589 488 
310 4 64 370 310 4 64 370 184 285 386 285 308 2 62 368 308 368 62 2 546 647 647 546 306 366 60 0 306 366 60 0 281 382 281 180 308 368 62 2 308 2 62 368 672 366 426 568 186 287 388 287 670 364 424 570 670 566 424 364 544 645 645 544 668 564 422 362 283 384 283 182 
621 315 375 681 619 315 375 679 495 596 697 596 617 313 373 677 617 647 373 313 467 467 568 467 251 180 240 311 617 649 371 311 0 101 202 101 253 182 242 313 619 313 373 679 593 287 347 653 497 598 699 598 591 285 345 651 591 285 345 285 465 465 566 465 589 283 343 283 2 103 204 103 
591 285 345 651 591 285 345 649 465 566 667 566 589 283 343 647 546 546 343 283 396 366 467 497 352 281 341 281 548 548 341 281 101 0 101 202 354 283 343 283 589 283 343 649 694 388 448 754 467 568 669 568 692 386 446 752 490 184 244 386 394 364 465 495 488 182 242 384 103 2 103 204 
490 184 244 550 490 184 244 550 364 465 566 465 488 182 242 548 456 516 242 182 306 407 508 407 251 311 240 180 458 518 240 180 202 101 0 101 253 313 242 182 488 182 242 548 593 287 347 653 366 467 568 467 591 285 345 651 591 285 154 285 304 405 506 405 589 283 152 283 204 103 2 103 
520 214 274 580 518 214 274 578 394 495 596 495 516 212 272 576 516 576 272 212 366 467 467 366 150 210 270 210 516 576 270 210 101 202 101 0 152 212 272 212 518 212 272 578 492 186 246 552 396 497 598 497 490 184 244 550 490 386 244 184 364 465 465 364 488 384 242 182 103 204 103 2 
368 62 122 428 368 62 122 428 242 343 444 343 370 64 124 430 370 430 124 64 608 709 709 608 2 62 122 62 368 428 122 62 343 444 343 242 0 60 120 60 366 60 120 426 730 424 484 626 244 345 446 345 732 426 486 628 732 628 486 426 606 707 707 606 730 626 484 424 345 446 345 244 
674 368 428 734 674 368 428 734 548 649 750 649 676 370 430 736 676 736 430 370 914 1015 1015 914 308 2 62 368 674 734 428 368 649 750 649 548 306 0 60 366 672 366 426 732 1036 730 790 932 550 651 752 651 1038 732 792 934 1038 934 792 732 912 1013 1013 912 1036 932 790 730 651 752 651 550 
614 308 368 674 614 308 368 674 488 589 690 589 616 310 370 676 616 676 370 310 854 955 955 854 614 308 2 308 614 674 368 308 589 690 589 488 612 306 0 306 612 306 366 672 976 670 730 872 490 591 692 591 978 672 732 874 978 874 732 672 852 953 953 852 976 872 730 670 591 692 591 490 
308 2 62 368 308 2 62 368 182 283 384 283 310 4 64 370 310 370 64 4 548 649 649 548 308 368 62 2 308 368 62 2 283 384 283 182 306 366 60 0 306 0 60 366 670 364 424 566 184 285 386 285 672 366 426 568 672 568 426 366 546 647 647 546 670 566 424 364 285 386 285 184 
2 62 122 62 368 62 122 428 242 343 444 343 370 64 124 430 370 430 124 64 608 709 709 608 368 428 122 62 368 428 122 62 343 444 343 242 366 426 120 60 0 60 120 60 730 424 484 626 244 345 446 345 732 426 486 628 732 628 486 426 606 707 707 606 730 626 484 424 345 446 345 244 
308 2 62 368 308 2 62 368 182 283 384 283 310 4 64 370 310 370 64 4 548 649 649 548 308 368 62 2 308 368 62 2 283 384 283 182 306 366 60 0 306 0 60 366 670 364 424 566 184 285 386 285 672 366 426 568 672 568 426 366 546 647 647 546 670 566 424 364 285 386 285 184 
614 308 2 308 614 308 368 674 488 589 690 589 616 310 370 676 616 676 370 310 854 955 955 854 614 674 368 308 614 674 368 308 589 690 589 488 612 672 366 306 612 306 0 306 976 670 730 872 490 591 692 591 978 672 732 874 978 874 732 672 852 953 953 852 976 872 730 670 591 692 591 490 
308 368 62 2 674 368 428 734 548 649 750 649 676 370 430 736 676 736 430 370 914 1015 1015 914 674 734 428 368 674 734 428 368 649 750 649 548 672 732 426 366 306 366 60 0 1036 730 790 932 550 651 752 651 1038 732 792 934 1038 934 792 732 912 1013 1013 912 1036 932 790 730 651 752 651 550 
732 426 486 792 396 426 486 426 606 546 606 707 394 424 484 424 394 454 484 424 244 345 244 244 732 792 486 426 396 456 486 426 707 636 546 606 734 794 488 428 734 428 488 794 0 60 120 60 608 548 608 709 2 62 122 62 368 428 122 62 242 343 242 242 370 430 124 64 709 638 548 608 
672 366 426 732 336 366 426 396 546 486 576 647 334 364 424 394 334 394 424 364 184 285 285 184 672 732 426 366 336 396 426 366 647 576 486 546 674 734 428 368 674 368 428 734 306 0 60 366 548 488 578 649 308 2 62 368 308 368 62 2 182 283 283 182 310 370 64 4 649 578 488 548 
642 336 396 702 306 336 396 366 516 456 546 617 304 334 394 364 405 465 394 334 255 356 255 154 642 702 396 336 407 467 396 336 617 647 557 516 644 704 398 338 644 338 398 704 612 306 0 306 518 458 548 619 614 308 2 308 614 674 368 308 253 354 253 152 616 676 370 310 619 649 559 518 
702 396 456 762 366 396 426 366 576 516 546 647 364 394 424 364 465 465 454 394 315 285 184 214 702 762 456 396 467 467 456 396 677 647 617 576 704 764 458 398 704 398 458 764 306 366 60 0 578 518 548 649 308 368 62 2 674 734 428 368 313 283 182 212 676 736 430 370 679 649 619 578 
152 212 272 212 516 212 272 576 2 103 204 103 514 214 274 574 514 574 274 214 364 465 465 364 522 582 276 216 516 576 276 216 497 598 497 396 520 580 274 214 154 214 274 214 486 180 240 382 0 101 202 101 488 182 242 384 488 548 242 182 362 463 463 362 490 550 244 184 499 600 499 398 
253 182 242 313 456 182 242 516 103 2 103 204 454 184 244 514 490 550 244 184 405 506 405 304 492 552 246 186 492 552 246 186 467 568 467 366 490 550 244 184 255 184 244 315 587 281 150 281 101 0 101 202 589 283 152 283 589 649 343 283 403 504 403 302 591 651 345 285 469 570 469 368 
354 283 343 283 546 283 343 546 204 103 2 103 544 285 345 544 591 645 345 285 495 465 364 394 593 653 347 287 593 647 347 287 568 669 568 467 591 651 345 285 356 285 345 285 486 382 240 180 202 101 0 101 488 384 242 182 690 750 444 384 493 463 362 392 692 752 446 386 570 671 570 469 
253 313 242 182 617 313 373 647 103 204 103 2 615 315 375 645 615 675 375 315 465 566 465 465 623 683 377 317 617 677 377 317 598 699 598 497 621 681 375 315 255 315 244 184 587 281 341 281 101 202 101 0 589 283 343 283 589 649 343 283 463 564 463 463 591 651 345 285 600 701 600 499 
730 424 484 790 394 424 484 424 604 544 604 705 392 422 482 422 392 452 482 422 242 343 242 242 730 790 484 424 394 454 484 424 705 634 544 604 732 792 486 426 732 426 486 792 2 62 122 62 606 546 606 707 0 60 120 60 366 426 120 60 240 341 240 240 368 428 122 62 707 636 546 606 
670 364 424 730 334 364 424 394 544 484 574 645 332 362 422 392 332 392 422 362 182 283 283 182 670 730 424 364 334 394 424 364 645 574 484 544 672 732 426 366 672 366 426 732 308 2 62 368 546 486 576 647 306 0 60 366 306 366 60 0 180 281 281 180 308 368 62 2 647 576 486 546 
640 334 394 700 304 334 394 364 514 454 544 615 302 332 392 362 403 463 392 332 253 354 253 152 640 700 394 334 405 465 394 334 615 645 555 514 642 702 396 336 642 336 396 702 614 308 2 308 516 456 546 617 612 306 0 306 612 672 366 306 251 352 251 150 614 674 368 308 617 647 557 516 
700 394 454 760 364 394 424 364 574 514 544 645 362 392 422 362 463 463 452 392 313 283 182 212 700 760 454 394 465 465 454 394 675 645 615 574 702 762 456 396 702 396 456 762 308 368 62 2 576 516 546 647 306 366 60 0 672 732 426 366 311 281 180 210 674 734 428 368 677 647 617 576 
730 424 484 790 394 424 484 454 604 544 634 705 392 422 482 452 392 422 482 422 242 242 343 242 730 790 484 424 394 424 484 424 705 604 544 604 732 792 486 426 732 426 486 792 368 62 122 428 606 546 636 707 366 60 120 426 0 60 120 60 240 240 341 240 2 62 122 62 707 606 546 606 
700 394 454 760 465 394 454 465 574 615 645 675 463 392 452 463 362 362 422 392 212 182 283 313 700 760 454 394 364 364 424 394 645 544 514 574 702 762 456 396 702 396 456 762 674 368 428 734 576 617 647 677 672 366 426 732 306 0 60 366 210 180 281 311 308 2 62 368 647 546 516 576 
640 334 394 700 405 334 394 465 514 555 645 615 403 332 392 463 302 362 392 332 152 253 354 253 640 700 394 334 304 364 394 334 615 544 454 514 642 702 396 336 642 336 396 702 614 308 368 674 516 557 647 617 612 306 366 672 612 306 0 306 150 251 352 251 614 308 2 308 617 546 456 516 
670 364 424 730 334 364 424 394 544 484 574 645 332 362 422 392 332 392 422 362 182 283 283 182 670 730 424 364 334 394 424 364 645 574 484 544 672 732 426 366 672 366 426 732 308 2 62 368 546 486 576 647 306 0 60 366 306 366 60 0 180 281 281 180 308 368 62 2 647 576 486 546 
490 184 244 550 255 184 244 315 364 405 495 465 253 182 242 313 152 212 242 182 2 103 204 103 490 550 244 184 154 214 244 184 465 394 304 364 492 552 246 186 492 186 246 552 852 546 557 677 366 407 497 467 854 548 559 679 854 578 458 548 0 101 202 101 852 576 456 546 467 396 306 366 
591 285 345 651 356 285 345 285 465 506 465 566 354 283 343 283 253 182 242 283 103 2 103 204 591 645 345 285 255 184 244 285 465 364 405 465 593 647 347 287 593 287 347 653 953 647 658 647 467 508 467 568 955 649 660 649 854 548 559 649 101 0 101 202 852 546 557 647 467 366 407 467 
591 285 345 645 255 285 244 184 465 405 364 465 253 283 242 182 354 283 343 283 204 103 2 103 591 651 345 285 356 285 345 285 566 465 506 465 593 653 347 287 593 287 347 647 852 647 557 546 467 407 366 467 854 649 559 548 955 649 660 649 202 101 0 101 953 647 658 647 568 467 508 467 
490 184 244 550 154 184 244 214 364 304 394 465 152 182 242 212 253 313 242 182 103 204 103 2 490 550 244 184 255 315 244 184 465 495 405 364 492 552 246 186 492 186 246 552 852 546 456 576 366 306 396 467 854 548 458 578 854 679 559 548 101 202 101 0 852 677 557 546 467 497 407 366 
732 426 486 792 396 426 486 456 606 546 636 707 394 424 484 454 394 424 484 424 244 244 345 244 732 792 486 426 396 426 486 426 707 606 546 606 734 794 488 428 734 428 488 794 370 64 124 430 608 548 638 709 368 62 122 428 2 62 122 62 242 242 343 242 0 60 120 60 709 608 548 608 
702 396 456 762 467 396 456 467 576 617 647 677 465 394 454 465 364 364 424 394 214 184 285 315 702 762 456 396 366 366 426 396 647 546 516 576 704 764 458 398 704 398 458 764 676 370 430 736 578 619 649 679 674 368 428 734 308 2 62 368 212 182 283 313 306 0 60 366 649 548 518 578 
642 336 396 702 407 336 396 467 516 557 647 617 405 334 394 465 304 364 394 334 154 255 356 255 642 702 396 336 306 366 396 336 617 546 456 516 644 704 398 338 644 338 398 704 616 310 370 676 518 559 649 619 614 308 368 674 614 308 2 308 152 253 354 253 612 306 0 306 619 548 458 518 
672 366 426 732 336 366 426 396 546 486 576 647 334 364 424 394 334 394 424 364 184 285 285 184 672 732 426 366 336 396 426 366 647 576 486 546 674 734 428 368 674 368 428 734 310 4 64 370 548 488 578 649 308 2 62 368 308 368 62 2 182 283 283 182 306 366 60 0 649 578 488 548 
623 317 377 683 617 317 377 677 497 598 699 598 615 315 375 675 615 645 375 315 465 465 566 465 253 182 242 313 617 647 373 313 2 103 204 103 255 184 244 315 621 315 375 681 591 285 345 651 499 600 701 600 589 283 343 649 589 283 343 283 463 463 564 463 587 281 341 281 0 101 202 101 
593 287 347 653 593 287 347 647 467 568 669 568 591 285 345 645 544 544 345 285 394 364 465 495 354 283 343 283 546 546 343 283 103 2 103 204 356 285 345 285 591 285 345 651 692 386 446 752 469 570 671 570 690 384 444 750 488 182 242 384 392 362 463 493 486 180 240 382 101 0 101 202 
492 186 246 552 492 186 246 552 366 467 568 467 490 184 244 550 454 514 244 184 304 405 506 405 253 313 242 182 456 516 242 182 204 103 2 103 255 315 244 184 490 184 244 550 591 285 345 651 368 469 570 469 589 283 343 649 589 283 152 283 302 403 504 403 587 281 150 281 202 101 0 101 
522 216 276 582 516 216 276 576 396 497 598 497 514 214 274 574 514 574 274 214 364 465 465 364 152 212 272 212 516 576 272 212 103 204 103 2 154 214 274 214 520 214 274 580 490 184 244 550 398 499 600 499 488 182 242 548 488 384 242 182 362 463 463 362 486 382 240 180 101 202 101 0 
