16 A

0 60 120 60 2 62 122 62 850 951 850 749 852 953 852 751 
306 0 60 366 308 2 62 368 919 1020 1121 1020 921 1022 1123 1022 
612 306 0 306 614 308 2 308 1225 1326 1225 1326 1227 1328 1227 1328 
306 366 60 0 308 368 62 2 1121 1020 919 1020 1123 1022 921 1022 
2 62 122 62 0 60 120 60 848 949 848 747 850 951 850 749 
308 2 62 368 306 0 60 366 917 1018 1119 1018 919 1020 1121 1020 
614 308 2 308 612 306 0 306 1223 1324 1223 1324 1225 1326 1225 1326 
308 368 62 2 306 366 60 0 1119 1018 917 1018 1121 1020 919 1020 
253 182 242 313 251 180 240 311 0 101 202 101 2 103 204 103 
354 283 343 283 352 281 341 281 101 0 101 202 103 2 103 204 
253 313 242 182 251 311 240 180 202 101 0 101 204 103 2 103 
152 212 272 212 150 210 270 210 101 202 101 0 103 204 103 2 
255 184 244 315 253 182 242 313 2 103 204 103 0 101 202 101 
356 285 345 285 354 283 343 283 103 2 103 204 101 0 101 202 
255 315 244 184 253 313 242 182 204 103 2 103 202 101 0 101 
154 214 274 214 152 212 272 212 103 204 103 2 101 202 101 0 
