atex1 1923 1812.00 0.14
atex3 2965 2952.00 1.49
atex4 3223 3218.00 627.94
atex5 5290 5269.00 330.93
atex8 40087 39982.00 144832.31*
big702 79082 79081.00 297.35
br17 40 39.00 0.35
code198 4542 4541.00 17.92
code253 107262 106957.00 44.72
dc112 11124 11109.00 152.25
dc126 123495 123235.00 96.36
dc134 5623 5612.00 127.05
dc176 8596 8587.00 389.85
dc188 10249 10225.00 245.25
dc563 25975 25951.00 2878.86
dc849 37477 37476.00 703.95
dc895 108155 107699.00 71739.22
dc932 480536 479900.00 29357.02
ft53 7663 6905.00 1.29
ft70 38856 38673.00 6.86
ftv100 1789 1788.00 45.19
ftv110 1959 1958.00 49.76
ftv120 2167 2166.00 66.88
ftv130 2308 2307.00 52.85
ftv140 2421 2420.00 58.88
ftv150 2612 2611.00 34.72
ftv160 2687 2683.00 81.24
ftv170 2766 2755.00 132.41
ftv33 1332 1286.00 0.38
ftv35 1490 1473.00 13.38
ftv38 1547 1530.00 39.96
ftv44 1614 1613.00 32.66
ftv47 1789 1776.00 39.17
ftv55 1621 1608.00 18.72
ftv64 1840 1839.00 38.95
ftv70 1951 1950.00 38.36
ftv90 1587 1579.00 24.47
kro124p 37421 36230.00 13.45
p43 5624 5620.00 58.10
rbg323 1327 1326.00 70.54
rbg358 1164 1163.00 38.46
rbg403 2466 2465.00 44.80
rbg443 2721 2720.00 40.09
ry48p 14736 14422.00 62.93
td100.1 268637 268636.00 8.16
td1000.20 1242184 1242183.00 737.16
td316.10 691503 691502.00 246.68
